Processing Time:28.9998054504 msec.
Total injuries and fatalities associated with each motor collision record:
Wall time: 29 ms
+----------+--------------------+-----------------+
|UNIQUE_KEY|All_Fatalities_Count|All_Injured_Count|
+----------+--------------------+-----------------+
|3559084   |0                   |0                |
|3527641   |0                   |0                |
|3527134   |0                   |0                |
|3527090   |0                   |0                |
|3527168   |0                   |2                |
|3526991   |0                   |3                |
|3440410   |0                   |0                |
|3437710   |0                   |0                |
|3461182   |0                   |0                |
|3440704   |0                   |0                |
|3438113   |0                   |2                |
|3439653   |0                   |0                |
|3284922   |0                   |0                |
|2833714   |0                   |0                |
|336679    |0                   |0                |
|3557464   |0                   |0                |
|3557999   |0                   |0                |
|3559576   |0                   |0                |
|3558765   |0                   |0                |
|3558014   |0                   |0                |
|3527684   |0                   |2                |
|3526631   |0                   |4                |
|3439570   |0                   |2                |
|3437745   |0                   |0                |
|3438552   |0                   |0                |
|3437577   |0                   |0                |
|3441008   |0                   |0                |
|3440354   |0                   |0                |
|3550935   |0                   |0                |
|3549294   |0                   |0                |
|3549372   |0                   |0                |
|3551019   |0                   |0                |
|3550513   |0                   |0                |
|3550848   |0                   |0                |
|3513886   |0                   |0                |
|3511201   |0                   |0                |
|3510761   |0                   |0                |
|3511937   |0                   |0                |
|3441939   |0                   |0                |
|3549819   |0                   |0                |
|3550503   |0                   |0                |
|3556347   |0                   |0                |
|3549348   |0                   |2                |
|3528670   |0                   |0                |
|3527721   |0                   |0                |
|3526572   |0                   |0                |
|3526660   |0                   |0                |
|3510396   |0                   |0                |
|3514612   |0                   |0                |
|3510934   |0                   |0                |
|3527245   |0                   |0                |
|3510793   |0                   |0                |
|3510655   |0                   |0                |
|3511191   |0                   |0                |
|3443118   |0                   |0                |
|3442671   |0                   |0                |
|3439535   |0                   |4                |
|3438591   |0                   |0                |
|3526934   |0                   |0                |
|3508237   |0                   |6                |
|3284306   |0                   |0                |
|3442504   |0                   |0                |
|3442948   |0                   |0                |
|3443279   |0                   |0                |
|3450637   |0                   |0                |
|3442906   |0                   |0                |
|3442505   |0                   |0                |
|3444500   |0                   |0                |
|3597764   |0                   |2                |
|3598391   |0                   |0                |
|3597869   |0                   |0                |
|3443384   |0                   |6                |
|3442400   |0                   |2                |
|3443001   |0                   |0                |
|3442188   |0                   |8                |
|3442934   |0                   |2                |
|3441798   |0                   |0                |
|3442818   |0                   |0                |
|3442635   |0                   |0                |
|3443597   |0                   |0                |
|3442582   |0                   |0                |
|3438419   |0                   |0                |
|3597583   |0                   |0                |
|3597535   |0                   |0                |
|3597735   |0                   |0                |
|3597913   |0                   |0                |
|3598375   |0                   |0                |
|3557185   |0                   |2                |
|3558029   |0                   |0                |
|3557801   |0                   |0                |
|3557985   |0                   |0                |
|3511938   |0                   |0                |
|3443157   |0                   |2                |
|3439428   |0                   |0                |
|3437143   |0                   |0                |
|3439427   |0                   |0                |
|3551208   |0                   |0                |
|3550722   |0                   |0                |
|3549894   |0                   |0                |
|3549224   |0                   |0                |
|3549329   |0                   |2                |
|3550107   |0                   |2                |
|3550429   |0                   |0                |
|3549243   |0                   |0                |
|3551955   |0                   |0                |
|3551479   |0                   |0                |
|3550272   |0                   |0                |
|3439054   |0                   |2                |
|3442863   |0                   |0                |
|3441806   |0                   |0                |
|3442155   |0                   |0                |
|3442759   |0                   |0                |
|3441699   |0                   |0                |
|3444269   |0                   |0                |
|3442049   |0                   |0                |
|3443243   |0                   |0                |
|3441621   |0                   |0                |
|3445036   |0                   |0                |
|3441674   |0                   |2                |
|3441754   |0                   |0                |
|3442251   |0                   |0                |
|3284322   |0                   |0                |
|3441975   |0                   |0                |
|3441344   |0                   |0                |
|3441732   |0                   |4                |
|3443181   |0                   |0                |
|3441733   |0                   |0                |
|3442892   |0                   |0                |
|3442682   |0                   |8                |
|3441550   |0                   |2                |
|3442134   |0                   |2                |
|3447723   |0                   |0                |
|3442919   |0                   |0                |
|3583294   |0                   |0                |
|3528791   |0                   |4                |
|3510476   |0                   |0                |
|3508186   |0                   |0                |
|3443023   |0                   |0                |
|3443646   |0                   |0                |
|3441562   |0                   |0                |
|3441691   |0                   |0                |
|3441740   |0                   |0                |
|3442135   |0                   |0                |
|3441689   |0                   |0                |
|3442768   |0                   |0                |
|3442354   |0                   |0                |
|3443247   |0                   |2                |
|3442989   |0                   |0                |
|3448140   |0                   |0                |
|3443082   |0                   |2                |
|3442769   |0                   |0                |
|3444046   |0                   |2                |
|3443296   |0                   |4                |
|3442922   |0                   |0                |
|3441306   |0                   |0                |
|3443020   |0                   |0                |
|3443141   |0                   |0                |
|3558168   |0                   |0                |
|3549379   |0                   |0                |
|3549453   |0                   |0                |
|3552980   |0                   |0                |
|3550726   |0                   |0                |
|3549317   |0                   |0                |
|3548871   |0                   |0                |
|3549355   |0                   |0                |
|3549352   |0                   |0                |
|3548955   |0                   |0                |
|3548849   |0                   |0                |
|3549114   |0                   |0                |
|3526287   |0                   |2                |
|3511685   |0                   |3                |
|3441667   |0                   |2                |
|3442058   |0                   |0                |
|3442518   |0                   |2                |
|3442745   |0                   |4                |
|3442161   |0                   |0                |
|3442356   |0                   |0                |
|3442331   |0                   |0                |
|3598042   |0                   |0                |
|3597075   |0                   |0                |
|3442659   |0                   |0                |
|3441822   |0                   |0                |
|3441742   |0                   |2                |
|3441977   |0                   |0                |
|3443700   |0                   |2                |
|3441960   |0                   |0                |
|3442449   |0                   |0                |
|3442340   |0                   |0                |
|3444463   |0                   |0                |
|3439421   |0                   |0                |
|3439055   |0                   |0                |
|3283930   |0                   |0                |
|3526952   |0                   |0                |
|3511527   |0                   |6                |
|3441139   |0                   |0                |
|3441243   |0                   |0                |
|3447755   |0                   |0                |
|3441151   |0                   |0                |
|3442132   |0                   |0                |
|3441950   |0                   |0                |
|3442589   |0                   |0                |
|3528339   |0                   |2                |
|3510439   |0                   |0                |
|3510511   |0                   |0                |
|3442578   |0                   |0                |
|3442333   |0                   |0                |
|3441553   |0                   |0                |
|3437864   |0                   |0                |
|3444263   |0                   |0                |
|3437453   |0                   |0                |
|3437630   |0                   |0                |
|3548163   |0                   |0                |
|3548239   |0                   |2                |
|3553292   |0                   |2                |
|3553513   |0                   |0                |
|3552216   |0                   |0                |
|3549799   |0                   |0                |
|3550390   |0                   |0                |
|3549817   |0                   |0                |
|3548153   |0                   |0                |
|3549179   |0                   |0                |
|3549174   |0                   |0                |
|3549304   |0                   |0                |
|3283556   |0                   |0                |
|3527361   |0                   |2                |
|3525990   |0                   |2                |
|3527463   |0                   |2                |
|3526480   |0                   |0                |
|3527639   |0                   |0                |
|3511959   |0                   |0                |
|3438628   |0                   |0                |
|3436604   |0                   |0                |
|3436884   |0                   |0                |
|3438884   |0                   |0                |
|3439217   |0                   |0                |
|3549066   |0                   |0                |
|3548291   |0                   |0                |
|3549158   |0                   |0                |
|3527362   |0                   |0                |
|3527459   |0                   |0                |
|3527416   |0                   |0                |
|3510383   |0                   |0                |
|3511162   |0                   |0                |
|3508421   |0                   |0                |
|3441909   |0                   |0                |
|3441086   |0                   |0                |
|3437130   |0                   |0                |
|3510765   |0                   |3                |
|3510374   |0                   |3                |
|3283601   |0                   |0                |
|3511247   |0                   |3                |
|3515416   |0                   |0                |
|3441461   |0                   |0                |
|3441038   |0                   |0                |
|3439320   |0                   |2                |
|3439334   |0                   |6                |
|3549122   |0                   |0                |
|3550004   |0                   |0                |
|3556568   |0                   |0                |
|3510453   |0                   |0                |
|3510647   |0                   |0                |
|3510846   |0                   |0                |
|3510667   |0                   |0                |
|3510682   |0                   |0                |
|3510537   |0                   |0                |
|3443380   |0                   |6                |
|3441194   |0                   |0                |
|3436976   |0                   |2                |
|3557417   |0                   |0                |
|3558419   |0                   |0                |
|3526366   |0                   |0                |
|3526939   |0                   |0                |
|3438211   |0                   |0                |
|3438067   |0                   |0                |
|3438582   |0                   |0                |
|3439103   |0                   |0                |
|3468997   |0                   |0                |
|3283293   |0                   |0                |
|3440538   |0                   |0                |
|3441445   |0                   |0                |
|3441722   |0                   |0                |
|3441258   |0                   |0                |
|3441298   |0                   |0                |
|3442244   |0                   |0                |
|3441948   |0                   |0                |
|3442755   |0                   |0                |
|3440880   |0                   |0                |
|3441196   |0                   |0                |
|3443186   |0                   |0                |
|3450230   |0                   |2                |
|3549301   |0                   |0                |
|3548744   |0                   |0                |
|3552368   |0                   |0                |
|3548739   |0                   |0                |
|3548526   |0                   |0                |
|3548709   |0                   |0                |
|3549166   |0                   |0                |
|3550515   |0                   |0                |
|3548746   |0                   |0                |
|3549101   |0                   |0                |
|3548504   |0                   |0                |
|3598509   |0                   |3                |
|3597593   |0                   |0                |
|3598635   |0                   |0                |
|3598213   |0                   |0                |
|3597600   |0                   |0                |
|3598217   |0                   |0                |
|3597881   |0                   |2                |
|3597736   |0                   |0                |
|3438797   |0                   |0                |
|3439213   |0                   |0                |
|3438104   |0                   |0                |
|3438987   |0                   |0                |
|3438072   |0                   |0                |
|3439445   |0                   |0                |
|3439338   |0                   |0                |
|3439104   |0                   |0                |
|3550655   |0                   |0                |
|3549521   |0                   |0                |
|3549802   |0                   |2                |
|3511216   |0                   |0                |
|3510544   |0                   |0                |
|3510603   |0                   |0                |
|3511964   |0                   |0                |
|3510625   |0                   |0                |
|3511060   |0                   |0                |
|3510343   |0                   |0                |
|3441804   |0                   |0                |
|3438798   |0                   |0                |
|3557062   |0                   |0                |
|3438312   |0                   |0                |
|3289688   |0                   |0                |
|3283351   |0                   |0                |
|140935    |0                   |0                |
|3548552   |0                   |2                |
|3550414   |0                   |6                |
|3548667   |0                   |0                |
|3527054   |0                   |0                |
|3526200   |0                   |0                |
|3526703   |0                   |0                |
|3527602   |0                   |0                |
|3514268   |0                   |0                |
|3509586   |0                   |0                |
|3508352   |0                   |0                |
|3508115   |0                   |0                |
|3438747   |0                   |0                |
|3510524   |0                   |0                |
|3442199   |0                   |0                |
|3442348   |0                   |0                |
|3442730   |0                   |0                |
|3442887   |0                   |0                |
|3443381   |0                   |0                |
|3441782   |0                   |0                |
|3462724   |0                   |0                |
|3441368   |0                   |0                |
|3441912   |0                   |2                |
|3510346   |0                   |0                |
|3510908   |0                   |0                |
|3510847   |0                   |0                |
|3442757   |0                   |0                |
|3442650   |0                   |0                |
|3442248   |0                   |0                |
|3442967   |0                   |0                |
|3444458   |0                   |0                |
|3438748   |0                   |0                |
|3437741   |0                   |2                |
|3437784   |0                   |2                |
|3439447   |0                   |4                |
|3437903   |0                   |0                |
|3510994   |0                   |0                |
|3511528   |0                   |0                |
|3283571   |0                   |2                |
|3510871   |0                   |0                |
|3510993   |0                   |0                |
|3440022   |0                   |0                |
|3526676   |0                   |3                |
|3527141   |0                   |3                |
|3510783   |0                   |0                |
|3517536   |0                   |0                |
|3511177   |0                   |0                |
|3510602   |0                   |3                |
|3510747   |0                   |3                |
|3437356   |0                   |0                |
|3442633   |0                   |0                |
|3439315   |0                   |2                |
|3438327   |0                   |0                |
|3439300   |0                   |0                |
|3437568   |0                   |0                |
|3283877   |0                   |0                |
|3442476   |0                   |0                |
|3442375   |0                   |2                |
|3442937   |0                   |4                |
|3441913   |0                   |0                |
|3440516   |0                   |0                |
|3440963   |0                   |0                |
|3441672   |0                   |0                |
|3443135   |0                   |0                |
|3442112   |0                   |0                |
|3441870   |0                   |0                |
|3442586   |0                   |2                |
|3447882   |0                   |2                |
|3441315   |0                   |0                |
|3526387   |0                   |4                |
|3532341   |0                   |0                |
|3528785   |0                   |0                |
|3533293   |0                   |4                |
|3510606   |0                   |0                |
|3511327   |0                   |0                |
|3442652   |0                   |0                |
|3438364   |0                   |2                |
|3438995   |0                   |0                |
|3569848   |0                   |0                |
|3438346   |0                   |0                |
|3437606   |0                   |2                |
|3439377   |0                   |0                |
|3557876   |0                   |0                |
|3557574   |0                   |0                |
|3557570   |0                   |0                |
|3437695   |0                   |0                |
|3437003   |0                   |0                |
|3437669   |0                   |2                |
|3580648   |0                   |0                |
|3580699   |0                   |0                |
|3579818   |0                   |0                |
|3443905   |0                   |0                |
|3439323   |0                   |0                |
|3282538   |0                   |0                |
|3508986   |0                   |0                |
|3509862   |0                   |0                |
|3508482   |0                   |0                |
|3508429   |0                   |0                |
|3509232   |0                   |0                |
|3508396   |0                   |0                |
|3507258   |0                   |0                |
|3312182   |0                   |2                |
|3312001   |0                   |0                |
|3508785   |0                   |0                |
|3508072   |0                   |0                |
|3508131   |0                   |0                |
|3508177   |0                   |0                |
|3550486   |0                   |0                |
|3532082   |0                   |0                |
|3509933   |0                   |0                |
|3509981   |0                   |0                |
|3510125   |0                   |0                |
|3441065   |0                   |0                |
|3441876   |0                   |0                |
|3442983   |0                   |0                |
|3439207   |0                   |0                |
|3439401   |0                   |0                |
|3438304   |0                   |4                |
|3527920   |0                   |0                |
|3511714   |0                   |0                |
|3512282   |0                   |0                |
|3510799   |0                   |4                |
|3510479   |0                   |0                |
|3548143   |0                   |0                |
|3548948   |0                   |0                |
|3548142   |0                   |0                |
|3526250   |0                   |6                |
|3526216   |0                   |0                |
|3526995   |0                   |0                |
|3510546   |0                   |0                |
|3510516   |0                   |0                |
|3510638   |0                   |0                |
|3511637   |0                   |0                |
|3510454   |0                   |0                |
|3438286   |0                   |0                |
|3580160   |0                   |0                |
|3579201   |0                   |0                |
|3580191   |0                   |0                |
|3579179   |0                   |2                |
|3580209   |0                   |0                |
|3440485   |0                   |0                |
|3440433   |0                   |0                |
|3442022   |0                   |0                |
|3442417   |0                   |0                |
|3441879   |0                   |0                |
|3548146   |0                   |0                |
|3548074   |0                   |0                |
|3550239   |0                   |0                |
|3548694   |0                   |0                |
|3549437   |0                   |0                |
|3527396   |0                   |0                |
|3526551   |0                   |0                |
|3510828   |0                   |0                |
|3510406   |0                   |0                |
|3511715   |0                   |0                |
|3512933   |0                   |0                |
|3436861   |0                   |0                |
|3597899   |0                   |0                |
|3598353   |0                   |0                |
|3597685   |0                   |2                |
|3579069   |0                   |4                |
|3580583   |0                   |3                |
|3579403   |0                   |0                |
|3437975   |0                   |0                |
|3437770   |0                   |2                |
|3436518   |0                   |0                |
|3438683   |0                   |2                |
|3436483   |0                   |0                |
|3438397   |0                   |2                |
|3436845   |0                   |0                |
|3438684   |0                   |0                |
|3510321   |0                   |0                |
|3510310   |0                   |0                |
|3513189   |0                   |0                |
|3512046   |0                   |0                |
|3510801   |0                   |0                |
|3510786   |0                   |0                |
|3510616   |0                   |0                |
|3438359   |0                   |0                |
|3437455   |0                   |0                |
|3437581   |0                   |0                |
|3436912   |0                   |0                |
|3438022   |0                   |0                |
|3438524   |0                   |0                |
|3526750   |0                   |0                |
|3510822   |0                   |3                |
|3510459   |0                   |0                |
|3282427   |0                   |2                |
|3440641   |0                   |0                |
|3441062   |0                   |0                |
|3441779   |0                   |0                |
|3436889   |0                   |0                |
|3440187   |0                   |0                |
|3436657   |0                   |0                |
|3526355   |0                   |0                |
|3510126   |0                   |0                |
|3510598   |0                   |0                |
|3511406   |0                   |0                |
|3509680   |0                   |0                |
|3510902   |0                   |0                |
|3512148   |0                   |0                |
|3437623   |0                   |2                |
|3444268   |0                   |0                |
|3438106   |0                   |0                |
|3437440   |0                   |0                |
|3439519   |0                   |2                |
|3436934   |0                   |0                |
|3528976   |0                   |0                |
|3526364   |0                   |2                |
|3526589   |0                   |8                |
|3525984   |0                   |0                |
|3526880   |0                   |0                |
|3526278   |0                   |0                |
|3508912   |0                   |0                |
|3438525   |0                   |0                |
|3438175   |0                   |0                |
|3438856   |0                   |0                |
|3438612   |0                   |0                |
|3436898   |0                   |0                |
|3436937   |0                   |0                |
|3533252   |0                   |2                |
|3439778   |0                   |0                |
|3439702   |0                   |0                |
|3440994   |0                   |0                |
|3440174   |0                   |0                |
|3439853   |0                   |2                |
|3439436   |0                   |2                |
|3439850   |0                   |2                |
|3439677   |0                   |0                |
|3440028   |0                   |2                |
|3439192   |0                   |0                |
|3440374   |0                   |0                |
|3548225   |0                   |0                |
|3548986   |0                   |0                |
|3548215   |0                   |0                |
|3548118   |0                   |0                |
|3548120   |0                   |0                |
|3552183   |0                   |2                |
|3549151   |0                   |2                |
|3548167   |0                   |2                |
|3548138   |0                   |0                |
|3547171   |0                   |0                |
|3548004   |0                   |0                |
|3281553   |0                   |0                |
|3282280   |0                   |0                |
|3440656   |0                   |0                |
|3441706   |0                   |0                |
|3441118   |0                   |0                |
|3439774   |0                   |0                |
|3440299   |0                   |0                |
|3439693   |0                   |0                |
|3442088   |0                   |0                |
|3440192   |0                   |0                |
|3440057   |0                   |0                |
|3442415   |0                   |0                |
|3439892   |0                   |0                |
|3439836   |0                   |0                |
|3439730   |0                   |0                |
|3557012   |0                   |0                |
|3557022   |0                   |0                |
|3558822   |0                   |2                |
|3557212   |0                   |0                |
|3547850   |0                   |0                |
|3551701   |0                   |0                |
|3547521   |0                   |0                |
|3551574   |0                   |0                |
|3549458   |0                   |0                |
|3552947   |0                   |0                |
|3283388   |0                   |0                |
|3508141   |0                   |0                |
|3440030   |0                   |0                |
|3443929   |0                   |0                |
|3439361   |0                   |0                |
|3440270   |0                   |0                |
|3440359   |0                   |0                |
|3439831   |0                   |2                |
|3440100   |0                   |0                |
|3439696   |0                   |0                |
|3440215   |0                   |2                |
|3440025   |0                   |0                |
|3439678   |0                   |0                |
|3557008   |0                   |0                |
|3547580   |0                   |3                |
|3547898   |0                   |0                |
|3547941   |0                   |0                |
|3548405   |0                   |0                |
|3547913   |0                   |0                |
|3547912   |0                   |0                |
|3556557   |0                   |0                |
|3547852   |0                   |0                |
|3547582   |0                   |0                |
|3548246   |0                   |0                |
|3526063   |0                   |2                |
|3282259   |0                   |2                |
|3281775   |0                   |0                |
|3440117   |0                   |0                |
|3439679   |0                   |0                |
|3440255   |0                   |0                |
|3440338   |0                   |0                |
|3437805   |0                   |0                |
|3442411   |0                   |0                |
|3442554   |0                   |0                |
|3439821   |0                   |0                |
|3439729   |0                   |0                |
|3440922   |0                   |0                |
|3527572   |0                   |0                |
|3529571   |0                   |0                |
|3528024   |0                   |0                |
|3510832   |0                   |3                |
|3510287   |0                   |0                |
|3510296   |0                   |0                |
|3508315   |0                   |3                |
|3436650   |0                   |0                |
|3438205   |0                   |0                |
|3436603   |0                   |0                |
|3438191   |0                   |0                |
|3441635   |0                   |0                |
|3311120   |0                   |0                |
|3437772   |0                   |0                |
|3440942   |0                   |0                |
|3439722   |0                   |0                |
|3440223   |0                   |0                |
|3447669   |0                   |2                |
|3453716   |0                   |0                |
|3444022   |0                   |0                |
|3440769   |0                   |0                |
|3440356   |0                   |0                |
|3440373   |0                   |0                |
|3441308   |0                   |0                |
|3438082   |0                   |0                |
|3439359   |0                   |0                |
|3438176   |0                   |0                |
|3440800   |0                   |2                |
|3444111   |0                   |2                |
|3439827   |0                   |0                |
|3440357   |0                   |0                |
|3440611   |0                   |0                |
|3442178   |0                   |0                |
|3439434   |0                   |0                |
|3450441   |0                   |6                |
|3440090   |0                   |0                |
|3440358   |0                   |0                |
|3438423   |0                   |0                |
|3439064   |0                   |0                |
|3556269   |0                   |0                |
|3548975   |0                   |0                |
|3548257   |0                   |0                |
|3547626   |0                   |0                |
|3526935   |0                   |0                |
|3526448   |0                   |0                |
|3527513   |0                   |0                |
|3511026   |0                   |0                |
|3510926   |0                   |0                |
|3510905   |0                   |0                |
|3510342   |0                   |3                |
|3438035   |0                   |0                |
|3282479   |0                   |0                |
|3436811   |0                   |0                |
|3558108   |0                   |0                |
|3554055   |0                   |0                |
|3548401   |0                   |0                |
|3547795   |0                   |0                |
|3553811   |0                   |0                |
|3548867   |0                   |0                |
|3547905   |0                   |0                |
|3548630   |0                   |0                |
|3547977   |0                   |0                |
|3550961   |0                   |0                |
|3548582   |0                   |0                |
|3548021   |0                   |0                |
|3547870   |0                   |0                |
|3525730   |0                   |2                |
|3527525   |0                   |2                |
|3526682   |0                   |3                |
|3530056   |0                   |2                |
|3525946   |0                   |2                |
|3525702   |0                   |6                |
|3526096   |0                   |6                |
|3525980   |0                   |6                |
|3526028   |0                   |0                |
|3526817   |0                   |2                |
|3526296   |0                   |0                |
|3526045   |0                   |0                |
|3579411   |0                   |0                |
|3580573   |0                   |0                |
|3579277   |0                   |0                |
|3438226   |0                   |0                |
|3439060   |0                   |0                |
|3445161   |0                   |0                |
|3436760   |0                   |0                |
|3437604   |0                   |0                |
|3439369   |0                   |0                |
|3436841   |0                   |2                |
|3572235   |0                   |2                |
|3436862   |0                   |0                |
|3556783   |0                   |0                |
|3525723   |0                   |0                |
|3525743   |0                   |0                |
|3528506   |0                   |0                |
|3528477   |0                   |0                |
|3535409   |0                   |0                |
|3511087   |0                   |0                |
|3509521   |0                   |0                |
|3509563   |0                   |0                |
|3311657   |0                   |0                |
|3526859   |0                   |0                |
|3508798   |0                   |0                |
|3440867   |0                   |0                |
|3450091   |0                   |2                |
|3439661   |0                   |0                |
|3439794   |0                   |0                |
|3440036   |0                   |0                |
|3439716   |0                   |0                |
|3437472   |0                   |0                |
|3440324   |0                   |0                |
|3508147   |0                   |0                |
|3438297   |0                   |0                |
|3438620   |0                   |0                |
|3437832   |0                   |0                |
|3439621   |0                   |0                |
|3443686   |0                   |0                |
|3438951   |0                   |2                |
|3437717   |0                   |0                |
|3438472   |0                   |0                |
|3438228   |0                   |0                |
|3441273   |0                   |0                |
|3438565   |0                   |0                |
|3436767   |0                   |0                |
|3597584   |0                   |2                |
|3580824   |0                   |3                |
|3436761   |0                   |0                |
|3526520   |0                   |0                |
|3527941   |0                   |0                |
|3526079   |0                   |3                |
|3526396   |0                   |4                |
|3525474   |0                   |0                |
|3510964   |0                   |0                |
|3512369   |0                   |0                |
|3510833   |0                   |0                |
|3510498   |0                   |0                |
|3523185   |0                   |0                |
|3282791   |0                   |0                |
|3515613   |0                   |3                |
|3510587   |0                   |6                |
|3558074   |0                   |2                |
|3556926   |0                   |2                |
|3556763   |0                   |2                |
|3556323   |0                   |2                |
|3558106   |0                   |2                |
|3550235   |0                   |0                |
|3438324   |0                   |0                |
|3436629   |0                   |2                |
|3437668   |0                   |0                |
|3439158   |0                   |0                |
|3439214   |0                   |0                |
|3437385   |0                   |0                |
|3281366   |0                   |2                |
|3525991   |0                   |0                |
|3528730   |0                   |0                |
|3528122   |0                   |0                |
|3526743   |0                   |0                |
|3528327   |0                   |0                |
|3528500   |0                   |0                |
|3528711   |0                   |0                |
|3561845   |0                   |2                |
|3526806   |0                   |3                |
|3529054   |0                   |2                |
|3526050   |0                   |2                |
|3521090   |0                   |0                |
|3556854   |0                   |0                |
|3556430   |0                   |0                |
|3556878   |0                   |0                |
|3556649   |0                   |0                |
|3556370   |0                   |0                |
|3527044   |0                   |2                |
|3527154   |0                   |2                |
|3436768   |0                   |2                |
|3437093   |0                   |0                |
|3436972   |0                   |0                |
|3438751   |0                   |0                |
|3288541   |0                   |0                |
|3438521   |0                   |12               |
|3456216   |0                   |0                |
|3597580   |0                   |0                |
|3598771   |0                   |0                |
|3598650   |0                   |0                |
|3598410   |0                   |0                |
|3598267   |0                   |2                |
|3440327   |0                   |0                |
|3552962   |0                   |0                |
|3437474   |0                   |2                |
|3439996   |0                   |2                |
|3436756   |0                   |4                |
|3438622   |0                   |2                |
|3439781   |0                   |0                |
|3436956   |0                   |2                |
|3447759   |0                   |0                |
|3437387   |0                   |0                |
|3437725   |0                   |24               |
|3439129   |0                   |0                |
|3438943   |0                   |0                |
|3437543   |0                   |4                |
|3439316   |0                   |4                |
|3440101   |0                   |6                |
|3440104   |0                   |0                |
|3438766   |0                   |0                |
|3438155   |0                   |0                |
|3438334   |0                   |0                |
|3511398   |0                   |0                |
|3519181   |0                   |0                |
|3510248   |0                   |0                |
|3511062   |0                   |3                |
|3438912   |0                   |0                |
|3436843   |0                   |2                |
|3556715   |0                   |0                |
|3527514   |0                   |0                |
|3525975   |0                   |0                |
|3526018   |0                   |0                |
|3526111   |0                   |0                |
|3526506   |0                   |0                |
|3536977   |0                   |2                |
|3439249   |0                   |0                |
|3437849   |0                   |2                |
|3282997   |0                   |2                |
|3548330   |0                   |2                |
|3548073   |0                   |0                |
|3548292   |0                   |0                |
|3547602   |0                   |0                |
|3547978   |0                   |0                |
|3548434   |0                   |0                |
|3548859   |0                   |0                |
|3549513   |0                   |0                |
|3547934   |0                   |0                |
|3551476   |0                   |2                |
|3548332   |0                   |2                |
|3547392   |0                   |0                |
|3509785   |0                   |0                |
|3512560   |0                   |0                |
|3511855   |0                   |0                |
|3440795   |0                   |0                |
|3438112   |0                   |0                |
|3439169   |0                   |0                |
|3436887   |0                   |0                |
|3439518   |0                   |0                |
|3436805   |0                   |2                |
|3556798   |0                   |0                |
|3556709   |0                   |0                |
|3556680   |0                   |0                |
|3557001   |0                   |0                |
|3547778   |0                   |0                |
|3548043   |0                   |0                |
|3548027   |0                   |0                |
|3548044   |0                   |0                |
|3550695   |0                   |0                |
|3550696   |0                   |0                |
|3547401   |0                   |0                |
|3547726   |0                   |2                |
|3548059   |0                   |0                |
|3556692   |0                   |2                |
|3556693   |0                   |2                |
|3557349   |0                   |2                |
|3557760   |0                   |2                |
|3556986   |0                   |2                |
|3436552   |0                   |0                |
|3437619   |0                   |0                |
|3435878   |0                   |0                |
|3436052   |0                   |0                |
|3439585   |0                   |0                |
|3437683   |0                   |2                |
|3597766   |0                   |0                |
|3439603   |0                   |0                |
|3437672   |0                   |0                |
|3439495   |0                   |0                |
|3439567   |0                   |0                |
|3439494   |0                   |0                |
|3437655   |0                   |0                |
|3449987   |0                   |4                |
|3438074   |0                   |0                |
|3438915   |0                   |0                |
|3438898   |0                   |0                |
|3438937   |0                   |0                |
|3438218   |0                   |0                |
|3414090   |0                   |0                |
|3525718   |0                   |0                |
|3511055   |0                   |0                |
|3441639   |0                   |0                |
|3439381   |0                   |2                |
|3437488   |0                   |2                |
|3438026   |0                   |0                |
|3438756   |0                   |0                |
|3437170   |0                   |0                |
|3439382   |0                   |0                |
|3435780   |0                   |2                |
|3548769   |0                   |0                |
|3547434   |0                   |0                |
|3549058   |0                   |0                |
|3550384   |0                   |0                |
|3548259   |0                   |0                |
|3547492   |0                   |0                |
|3548210   |0                   |0                |
|3548205   |0                   |0                |
|3548023   |0                   |0                |
|3548340   |0                   |0                |
|3547357   |0                   |0                |
|3547267   |0                   |0                |
|3546907   |0                   |0                |
|3556600   |0                   |0                |
|3547277   |0                   |0                |
|3547148   |0                   |0                |
|3547698   |0                   |0                |
|3547361   |0                   |0                |
|3524468   |0                   |0                |
|3510019   |0                   |0                |
|3510008   |0                   |0                |
|3510305   |0                   |0                |
|3511150   |0                   |0                |
|3440003   |0                   |6                |
|3439180   |0                   |0                |
|3281427   |0                   |0                |
|3530206   |0                   |0                |
|3524856   |0                   |0                |
|3524768   |0                   |0                |
|3526205   |0                   |0                |
|3525101   |0                   |0                |
|3525704   |0                   |0                |
|3525182   |0                   |0                |
|3525238   |0                   |0                |
|3525335   |0                   |0                |
|3510988   |0                   |0                |
|3524853   |0                   |0                |
|3439537   |0                   |0                |
|3439117   |0                   |0                |
|3436982   |0                   |0                |
|3439050   |0                   |0                |
|3443438   |0                   |0                |
|3438940   |0                   |0                |
|3437477   |0                   |0                |
|3439309   |0                   |0                |
|3437571   |0                   |0                |
|3437795   |0                   |0                |
|3547216   |0                   |4                |
|3547285   |0                   |0                |
|3547992   |0                   |0                |
|3547512   |0                   |0                |
|3548035   |0                   |0                |
|3547319   |0                   |2                |
|3547673   |0                   |0                |
|3549069   |0                   |2                |
|3548558   |0                   |0                |
|3548852   |0                   |0                |
|3547168   |0                   |0                |
|3438551   |0                   |2                |
|3437584   |0                   |2                |
|3446858   |0                   |0                |
|3442549   |0                   |0                |
|3439012   |0                   |6                |
|3437004   |0                   |0                |
|3438804   |0                   |0                |
|3437576   |0                   |0                |
|3437796   |0                   |0                |
|3440814   |0                   |0                |
|3439686   |0                   |0                |
|3437117   |0                   |0                |
|3547323   |0                   |0                |
|3534629   |0                   |0                |
|3530745   |0                   |0                |
|3531061   |0                   |0                |
+----------+--------------------+-----------------+
only showing top 1000 rows