Count of total records:970702
Processing Time:33.9999198914 msec.
Capture total injuries(can be sum of injuries and fatalities) grouped by year and quarter
+----+-------+--------------------+-----------------+
|year|quarter|All_Fatalities_Count|All_Injured_Count|
+----+-------+--------------------+-----------------+
|2017|      1|                  38|             8580|
|2016|      1|                  96|            23650|
|2016|      2|                 123|            31213|
|2016|      3|                 138|            41602|
|2016|      4|                 142|            32240|
|2015|      1|                  90|            20334|
|2015|      2|                 140|            26798|
|2015|      3|                 112|            28088|
|2015|      4|                 144|            27456|
|2014|      1|                 108|            21758|
|2014|      2|                 140|            27379|
|2014|      3|                 158|            27088|
|2014|      4|                 118|            26176|
|2013|      1|                 144|            23580|
|2013|      2|                 110|            29144|
|2013|      3|                 170|            29838|
|2013|      4|                 170|            27662|
|2012|      3|                 150|            28584|
|2012|      4|                 124|            26306|
+----+-------+--------------------+-----------------+